Realsense D415 Intrinsics Depth Parameters:
fx: 596.238
fy: 596.238
ppx: 323.018
ppy: 249.315
model: Brown Conrady
height: 480
width: 640
coeffs: 
0
0
0
0
0
Realsense D415 Intrinsics Color Parameters:
fx: 607.242
fy: 605.464
ppx: 306.176
ppy: 246.301
model: Inverse Brown Conrady
height: 480
width: 640
coeffs: 
0
0
0
0
0
depth-scale: 0.001
extrinsic parameters: 
0.999997 -0.00216898 0.00147408 0.0149986
0.00216973 0.999997 -0.000505433 -0.000227696
-0.00147298 0.00050863 0.999999 -0.000130359
